259469956120
473368718676
310152136118
364972906769
66183159932
601498394712
125911362693
533432963788
236885914383
263102898353
468543846154
941666237025
609136610684
605820967030
32027161184
431160650510
970413097788
943023922233
178635984890
13151937144
13956408945
163349679265
80496043795
545736346235
915052951876
34530960429
924882177382
941127845181
209321732873
105568343639
243364765238
876632048937
882026673043
590565882015
309892448137
173263626328
698491302915
615987442175
374680899210
459231951198
842365684299
254847867329
347092391399
291593247640
673784485273
968338511611
903098228228
752078441153
862140162884
582211615271
130446362592
673256311321
633796791207
897522612483
29794575
478708369203
282188830466
189185645129
790793668477
433628848642
790333169502
404110779128
187004087532
879865724020
894627665986
628841602247
728625233384
671391724157
50452060885
784859856631
624330897608
536316967438
352811586688
267540732729
561906531014
432337096255
699189429850
482207476831
831978392475
885946377834
970938619669
82391991198
184842072186
884029380853
915484395395
408627900427
255865948600
545003169435
118045658930
465889088938
995693681026
408395976901
372784035879
617751410159
252676257736
435747260963
503618103095
526497540408
506223990312
406312811179
