979880233412
436632955850
740878231865
573159434457
457297021898
630551608612
258052859880
83137016414
546079058970
63940255253
934951014001
942682156053
312521843981
68000780819
258967212045
996505551181
400917905323
38841180188
967170053194
27767945760
9840416805
805479350949
358368388319
32448740542
97471867377
522212838076
679441479707
329474412854
215588447206
922598539184
344043495048
661528476603
190417824501
838421133155
50206402298
342614641281
330931274335
322346584104
434042546718
779580895236
261217148632
860410396045
581795361588
628302077742
963712944989
204027069829
602375493375
741632812024
897887575154
37923233652
511377329325
404400615042
356216229631
224969429798
999222553627
376684013013
677750161833
829621249444
235248915633
331068285927
168161180432
880456767541
647307354269
791951772423
815084612055
697281950897
79456565869
518214219612
539897258863
174863971072
881893896061
380233444798
357295095153
869066123334
741981988656
600855043208
349960133000
445494752329
862530767665
647387516267
455760160719
618822141144
787296602307
866568105321
383318856721
309838986772
22736718571
37365403685
564913132354
882935245374
915615500948
90858294206
971723481204
174961090014
837073243332
945163036868
846570041356
400568972199
13967095603
327567029443
