38239175752
908939647222
587663593754
588136834531
415003377950
832701532160
471645579877
641213897049
352173514190
124162405087
795984915287
791352514960
98131642137
272495219223
249149759165
611617474047
948087645316
944450050190
293889595884
305988353449
588419222064
818156108063
295803632985
479174588805
788866477800
737593984177
632313817780
46270691078
626394481600
36943565988
858845071265
133057878385
781579838354
975887746537
261224507233
529338692602
944816134241
989011561717
600712875613
656817281984
579919069767
696285330877
588088904002
892636979711
136043303437
884303876513
938864003580
816347172385
294903496748
439698807776
545457579834
545480501111
862511662056
183568836657
377744794257
86721050550
713607980962
71467300691
970413913154
66040656620
3808747380
124124865005
180799151263
98817203753
633252096483
759230257799
630591035543
145967793903
416298691549
675011932364
224949930008
533268866575
569244891748
507350519695
696829925939
737269918856
826427374295
241509585911
78098066128
885266752391
429143882946
907999216850
156626774631
961208410537
15943551640
458791304297
995357000862
388043752191
218738590453
207627203434
70770178532
68926446121
936339035583
805367799715
919474457778
506972051570
660530833614
949559796105
831914392050
165441545189
