748779607888
577656348815
105965784818
529016850803
251987546118
93250425653
298559151739
682991496949
634337945813
661568896409
704607555130
272525977672
649609370507
802038179479
81452179215
759330256545
309866007716
882327538299
371483238149
883736170136
378197821574
802856160560
719206186429
98270288435
758215667934
296295019652
115585007532
214120892639
336689517607
762454421504
923124470954
709215127078
563402143086
852270771250
980748724914
787907716850
736443928901
997608257029
68026171845
187997510814
507176616729
755856023135
417195773924
735407616620
780037501608
707701975728
282723129885
851010827667
238672063763
190198564514
423138938304
763266555560
735408775848
134474331043
807642440930
9184003071
955188890689
849478377572
519898868099
652271208515
995770859210
719966870015
679438348657
226401050980
930948662878
949106365922
139908787878
792929108473
999270218568
934785325480
756993335644
555789975300
718009893795
920875628775
541799940112
891289753256
415992666949
153691693581
682914042066
219460966132
433632477491
600812702219
575506652894
922802922520
442673618415
752293607397
804238068621
618501238528
290303282050
214562368529
597371542468
282045463246
901981571690
950623060561
870253915359
179764810805
643970221516
705075733866
258290290866
12288591691
