58281899482
844034876903
33230089462
67749916756
559384255903
289042359209
355749236201
331427433747
338501574245
316889522497
115007871139
678861519727
775718713846
356179578826
778814653017
779990361359
497360701881
148024010080
60611937300
34904257239
876440317031
487989060204
74657002013
76302984452
812061432288
915005264306
855588966047
41736656735
592763997623
803165660889
796031181320
228272329715
72248351984
101807007197
386387831250
11690130133
933811756918
824095740300
837623587696
319920678622
82433332538
856025573642
539927178709
146313407518
820754789506
289467606101
326227395281
388877912792
79913574082
516476366637
610850911067
633411034291
516309190027
29526032018
734301289099
916451858999
715205680978
677449051703
283128143216
388147570014
864723562191
624877088897
802925927930
872664090418
469697592035
832484943568
532554817358
465051534635
88072026206
89456593559
86221695246
361191842305
654161043874
881911327107
67754380612
445376655291
146568363490
27381293375
989247721038
577231011462
625008435225
874409121365
550884801118
907056190745
378778938206
255272411552
769178822226
233810586286
656199859476
547639256030
636822271018
785435601248
241767949696
853900591477
817200740810
331480097983
603214512016
580349725163
322569462867
626581189593
