952557316621
347583302761
264189460481
202402367314
270644524318
626245953796
957895297106
847478424039
165841654109
158103421118
648209552588
865443737548
412246287829
738614509647
2556069948
110338271833
675518373621
841793902118
969405163266
315110247963
1975990372
991813142064
869609769573
249295939670
332953710146
212662756426
506029859487
192782353976
547327443540
847798810010
518687720551
827920360506
233759248666
142673873698
792800958042
828315665824
431456921366
326954283606
87082657309
454490878527
938031447743
876108352235
231449416084
918987240820
888884619291
621160678299
335629714182
339510682370
651724422370
714014539963
108796665189
620189634856
764261894166
94723701279
76300333284
138334068814
667132189866
509404779993
219065942593
167705365891
254014957950
54485856271
28191279070
872743090210
997739932240
872558827034
748756931647
611560838265
526825430936
56298399217
222221274817
837984313505
28165622898
249201434795
282206684210
593916326247
568306690463
92741686453
707048932342
830498953124
879568880529
833048421316
648063950193
740141935008
555831259276
879130597100
992021841066
771689996780
29903773655
932719991633
790774408606
441922439772
36924557742
825032509558
531048013464
890236619038
749941701368
261294949836
202033213147
758771901321
