720192889758
525451309560
924204795526
912107214740
852068676250
239644656332
290697902433
105230368532
629223869767
189427910918
279561984222
12225975129
597457453022
726604906421
627236587445
542285069119
520588530425
979354165473
901483714436
531735516732
991978121073
596674819752
595902300080
120746416584
917920010539
233912091233
974501253412
675877477497
688103903470
662960427043
831823127269
96986687570
27650831455
376328469890
327960831885
983958154933
247730605990
520617774125
317307409316
776003253159
754886358265
850708902506
680872092565
722852287424
187083055174
360405687025
83405231876
558960436077
538260810227
61741526815
256075054099
536254886863
604873128375
823544633481
88212552598
379924465986
357890799170
873354336108
65137592484
229878464364
309211227664
625893455962
656636552196
584161084790
45481843804
339401892136
334184557783
108579167010
11179021625
671404306914
409499569458
718896091054
147526511580
828932430222
798448347131
584954325086
118416092197
756094853431
186591965351
591436965701
278934624158
113465878176
803525559581
446263262939
175155291524
889427542225
420089802169
194860175578
663613670572
769697113689
572583004752
630083483400
301165314264
482690180949
173298457187
204890470744
403440615438
943271060234
258382702079
653296217002
