865706042537
16518610456
355023945520
643133559594
518581947241
75725348557
188643669424
159085380156
774447982450
272034637667
609387813264
650591648634
387293747630
117106769620
586518537262
992580362053
328557556255
67261302693
871671559279
177639885613
131436873234
454695516937
598591779733
943687717607
556664107208
673326811363
969892084999
880950931426
530755468477
291096527179
272520894621
22400846293
917995230006
481194597225
632380152762
679713255727
382663699214
900407018542
684942310652
948295640768
245058373163
249736695319
250812754568
458285568300
390944797483
982689549015
317228982395
896172689386
126464408744
673785951619
374437160711
321605917395
521424529540
515076311570
399815492431
889885379792
296612043330
751827409511
717817789691
69184007624
71536582186
216160341998
955765335252
864684604074
399030443315
406691872920
713364905745
107413285414
526431007236
828028885869
872164912616
439468329245
873069983616
669434725202
411816498125
12110620411
931478164341
33789165618
890816135932
729631400112
467680273941
170739053047
492405424274
754452060227
177059880141
702424625174
440830988066
474759957344
479531264773
979066377214
660219383795
770126947880
934806953191
418177598003
248574099259
338017413096
294179230552
810832513187
824210710921
781240467260
