608596993031
308376174380
648879388718
351751606965
167470783390
329926026329
873539935738
734521481772
867292263421
228587424832
684462341760
664212822636
192168075192
423989285245
126965877012
779227712770
857114926143
432248833112
111630332092
694190545271
412788479094
827683988528
313610517810
326806394610
908439291251
890964257448
642230876439
796603479718
125539991365
282168150481
38174699755
50138223396
192128765517
773751465024
50099016588
910277596707
225403748098
826047277990
193918275696
763786970312
482716789084
673782127699
386897238511
205479653544
310380125508
856242416032
692920941227
545131138371
623104588396
936098976803
861810060530
51459324592
27773622735
30283287144
737004686778
456851162540
387444291070
106056124830
838854381273
230183534829
189886045832
7700005004
556002227965
355557754382
447739143650
194824035084
907906092007
666677527172
250532350792
430668653521
95841707332
57394384560
220947877511
702227873383
395641896284
702476829113
60908120332
722966361138
658244640831
603553094474
277338520705
67242134554
485179147780
912098459928
397114157658
178489515541
323579436975
84520256955
410098991762
974640882272
84272513091
180364180810
661847109021
324852427874
877756113056
346222871444
684056213195
346707402933
558159506050
263622541203
