472673788084
715058849202
765106875966
204996435651
205926817774
96748584497
840566498906
298860033411
815993676402
778683649839
298677021142
345809241069
295521035166
580634992554
692596776720
894456490321
626219658423
177238340009
347823803857
339481960630
785295299651
207591007351
491311249293
720118018253
251960947260
539740681564
818803339649
222401791765
119707324253
345063296984
476336008581
185656376672
836849268287
986507164672
856249819274
789325584380
461491200319
839872886910
29168895173
752461303290
878616138016
650093002247
771036733006
113781659894
304551047001
446720433419
659025183744
77034984391
496110737870
804331234845
648062006645
179255686865
514380171152
881845167083
774479693918
903999965559
58987015906
146634035829
96703625169
436706332658
165720877802
773113806453
348140554916
334613013048
720312319717
377670474878
282606140376
993735052021
573789209929
265796140385
770093589060
105010936742
636994332951
410447944769
570033200127
839316214520
594145468225
977119557930
259536162303
850291396075
633986732312
306746517109
648731196025
799964125973
585322658789
979805800135
355495965502
602509106354
605614644520
601302646565
926879015473
621769445535
380133441747
169248204680
903047597890
927824864970
649500003335
894655629345
100482272635
519323665875
