993676332846
196167292908
465163246555
372642689079
96397329051
178468457280
169542621419
293111156659
398881424931
730655523086
73114836444
312242943845
536957069906
323041047342
68315567912
511687625640
474150242974
879410590659
668483891964
27146740507
216343040934
694276047546
545273177323
545719618660
937601788376
260600728602
291591230944
88809140603
532802779144
273975701204
870510890278
761848022014
972659055869
703321198216
620892741750
532987236855
554584931800
540785347887
628887506010
562014082161
220074990958
970086844298
650781250088
455764189674
59313818535
197512845927
500324975956
140331362780
925705525120
354692136277
615129448923
149136319233
573057032739
802748638618
210601227045
960346535804
633278095105
807416326659
92313515752
486751977574
587060609563
102940221917
536380979943
927223819224
395225028281
357273672863
724113489432
950948770279
686241187686
301239140148
932223639899
608334112863
834764692533
538536318300
134555347783
334095589032
391992858986
172417839935
632592164926
145095668354
459419942761
166572926371
134380249987
572593630484
760502814606
603966414722
377790287521
706719497339
733019925736
478748506531
370550381978
631265374774
34105323084
728554518754
484555905983
598103351273
40774514675
913364505230
494079198280
667905392063
