300580534974
30359334388
307256734936
636362650255
725152510072
43855610388
548340781566
287571430663
243408354413
303119241843
584357523325
556425841808
925558706810
548315006375
420161097222
215112939544
794319400053
203461858897
318890870745
574762074219
670751702038
970704118250
285089681599
177034936664
724546703834
462916015541
496369492515
112988994688
111206110931
519463062641
491131715068
178796723039
905190076459
643396595747
452299947347
611789758484
387028804711
810178719360
396837899693
565593925961
669211466955
105860403550
657774057659
527075827715
262904569563
691968712897
70777481550
823684115060
923775037929
774884894080
702820998858
527685116186
541999446841
807693784799
742099563717
216040777837
485762689291
29238063648
175008241002
559202253804
725969004476
430510250245
197525661609
935936435349
289074048752
135248530415
674158529192
715706749595
471883245106
848559989379
127993826993
711125562253
451035900004
344566326804
558189875597
518264716257
550964194977
759726471140
81413569242
151505143953
541809520629
379045815089
733350799389
837476472136
611301983534
273463679611
292029356759
286431418165
665433089176
388782797524
707970695569
967906840508
215142803816
381457215556
114569945893
904806058135
463729644954
560474567953
988473863515
490224648907
