478639716524
973110559191
770432550578
150315821468
978390793942
552125409043
70673678376
614382678368
593740598479
790130042350
167244696444
311571872586
967443337839
2875461736
311522117877
21442775321
499570007177
966542439400
329606752436
988341763306
631410843821
295703333514
275417334362
935011605926
200857003737
787616975733
922275673811
390247850953
614239517999
822458729974
443604920706
211869295697
681222253412
689684669004
518777416568
172558072798
587891961508
67561214296
299985641531
600040002456
986930621609
887636045287
919604105519
617686712640
187212818260
296768543384
935580004793
86298116291
170350909916
119100585714
824554925569
955087460647
741467589701
858436979391
305352438025
959980560617
863953491116
441472331597
909260294798
768849606103
331603525689
858629847748
714774867524
18194167030
841297067358
13615514368
150201634222
879238667372
503022553508
722260491001
170167691504
966942284268
306349099824
387140259979
234351366216
589377684472
130723290965
593651321883
136051770344
558652841474
373850038183
406081757535
764117720039
681833322214
483837089302
184351818068
88528317566
670159046030
556849762524
625455074855
162295691091
356353557725
995276330900
264164165969
835598107572
650572714690
751296047627
50872291483
108165255773
221704652552
