215378363445
399776347801
576027348930
341815839649
380490107306
761453800103
475904176652
887475660798
201472062534
209635650367
981038620102
786449191532
774512123995
166485163409
497957431607
686038162012
435795552156
542081330329
393466455071
637341205818
185079140095
364951259540
557996989878
892904822948
42985965259
800046741314
859554968721
736006966228
532363182725
966611752067
220071934356
817631993658
419956439781
500348387738
852723639582
529033253279
719198642668
254079108483
275199215934
764063029770
545414303472
951802748062
660529060835
19649421784
598750771484
118552320971
564750456805
996572699062
327093733665
38949414390
900476113606
859905955533
825997677315
136461709688
76419104171
576568388584
100906341049
281977634491
319335091661
783889806163
194572614334
457091190613
346629482603
74209490358
682066444117
238435121112
674414903768
654141675780
742487690234
441122307724
192499123351
177909227860
501356064980
539360688844
707886430445
988598192864
896350370832
371089730025
164463035949
294097058270
561535214526
48584247697
18104633906
319712805558
324683115836
692737660060
175652096071
288139138294
99379752350
671829329676
474109409672
24526560710
41154225313
458328898839
771111682412
612208695588
706276740569
481803809560
766745573860
582200688249
