486232490434
145541244889
378991328028
37160709596
101702801734
509038820015
325144903656
820994253562
830400502630
820197166288
409047985806
532453705239
626026434410
982424885904
120472760553
300128444453
445581620142
927912791117
905791002216
704682735740
553228224032
619946952871
577733431086
975975011824
373158545904
190269646707
609850872051
598189187998
78473402559
500157601661
638962347703
896998453504
935085440661
223819874803
373224710428
448743903686
936397062629
969078446103
229543040240
260647719270
53398816043
376368484663
833357900424
495838749149
967923588792
838266048210
280683192633
251605351942
937022934570
655513766216
278219353546
462068713866
745675506591
533485781271
581526072089
462310776761
247822283171
467437861064
641626844724
639130394261
971466500073
719737795082
119186890650
683300450575
626418720933
50875172019
238738145182
197928164244
765964091287
930645700188
322974385365
8179966709
961998495738
512825013080
554059586822
241592392623
401948525692
370177315756
703834746592
621578861663
722879993249
414954359961
663503012243
304393336701
839840481494
160985658783
338063889259
423954824434
336676245732
3816761150
54973830435
237120930969
176561442486
130658834939
118776292524
906199267152
251696934154
923929699273
513525265201
878298215013
