892924160297
822254451478
386021663314
247252254665
686151418357
741723882343
452211068342
428429159597
394090314587
617532351569
831807930793
887695592699
14604301825
150115805155
117659667635
591377613250
337298967690
722564205123
741608687869
794194144725
411772545596
845811892711
935303382482
849931839518
804835092310
209332425286
881874738106
90385995337
344323298390
270234926126
316672460364
54081568010
693947637648
184700499650
958285721851
184901424821
644009628784
699585759588
126375961267
195138647717
272320680240
805386973787
560279138749
721863206653
389381741600
989737730675
223344443952
842923847829
805137277425
989387208496
318511179434
712725842575
294594811888
812688148366
44507734763
200896478640
784378048739
53054238766
320443455214
94531737618
603731436229
784570141240
790553295016
686236582079
476681394929
343565739481
698554080807
651058070191
496113774351
128437033805
410346468621
412221993265
201202152726
238041444577
123455064210
926782502577
98378105678
451330199163
683122956377
279720239659
654631552933
339455649388
121067786717
408428292266
385259467071
143105857015
293255150202
181300918985
248386996831
668706055178
672340071236
308661416731
788036814135
861205768862
809104337000
551704845863
792125984416
830016045872
119155540933
689413429127
