8044025376
81026631233
126731000069
415931113548
616285248097
776773349654
685530440819
190394804919
430469960727
470511155507
499625444609
202403002309
377091470375
786402398924
849717369445
624905433681
3886413383
347377425574
625143864377
725615155214
663911688499
760792265320
541967368657
273386190164
945971084277
295573247218
832502724244
744736319474
631777467302
242964310776
120689271981
887171511999
528495193498
784501735519
316427351287
713844240472
168938199697
478141901153
870664901208
252184180961
840567516248
605874575181
563161149087
177298420625
895382181874
160813818151
973814675315
395146595622
106585664453
277266294970
302396310391
543433386286
777224255002
790968240610
292476628700
997333532752
578974887272
627394605084
738021177886
939282240645
822119759544
886125387624
373450241160
927534859006
881723372906
53876124605
148055145889
847431650646
636223605741
599855596869
189612418720
624159727557
251902351627
446634713162
864332635824
476900985534
359323191160
566598144889
156323435693
423189428203
122817199551
536568735415
680214014837
271903728463
137211361957
707063885670
977581769641
444864171445
393344705430
703159144866
374192461243
478693988118
532612640147
158338827223
544129306542
573187303984
714705618743
615851197398
416210930998
905622116160
