830516002924
247233862307
177694139018
362041260832
143816853146
125229802031
832715549895
614809351443
696356891040
796207260089
319123326928
490313620446
832256221348
792439243627
687851484495
594039165213
327657286217
971777193734
279935686797
28486241402
863960733067
449153637096
750655180013
411782852658
942935471613
82096444764
478117279822
57011645705
287911087474
68494487854
413211789149
510045054409
976031222655
453035645051
985760374408
662041918318
232859881522
693450054540
587674528253
195488230010
785699749152
383475887101
979756611415
272297699647
559082951083
20554561497
618140282734
918766528395
601235025583
60190097967
138689080556
943250868503
364764750704
740289982868
52399980450
643807385864
584561567460
747409934636
867447844659
767334768281
323934319773
955029044540
23347681821
196674567737
756627794146
211941232491
330566646171
867355354632
494290946018
672365048545
430223272797
694913862497
701607226095
885035465257
734870012840
917162864581
756293665131
645784566421
489898397064
454324440781
606319746332
967175857643
23669130027
781919255462
217222251284
88673673747
430732520201
155141416331
270564573962
647035849492
450540229083
888613859529
287022637179
779616716050
988859331698
772888488929
961284325822
725173071809
459458769770
992338958270
