648614216342
352606863475
849197609896
750670105341
205380504374
911406678170
178648978153
514077387913
223950694346
103216372550
774099647173
82864128131
853104206220
426119396435
542905757299
368179744414
537523619329
329216383278
104596466265
74981844255
490364569724
447297761892
467859875643
770288737557
359095723575
290823311310
907975400883
604618226531
984601386808
553198470068
702438990994
240931668351
559658891795
293713671663
373379473320
382474392728
927360147588
975763355815
46043794808
505737011901
65332677065
123987932821
953232221286
387757336040
857816343763
512323608715
961355821815
216751015617
674416960472
911557257642
444051223353
234165475104
589894032471
94884319354
862334873204
477712569436
205523280983
897057841932
553810029485
457438898956
501596743777
839485991369
792167200234
45227640857
523016032523
379615848605
634887329714
933920984318
919739772114
515535699161
975169776967
467724626814
81527352585
88899245589
145468228137
426510430210
501851941210
459103710355
14294029746
224352599297
794366508950
527728579702
11842355937
501475000729
538617747238
165074097281
274316592237
740162524205
469450629744
613143155402
954369531178
264465630515
144852691135
746724490845
451394097028
68711012742
122937697283
820928388743
293680262409
470628446018
