74034441737
410712013714
5703213252
963641076267
739822521041
277729306409
38915006782
708363132974
23252268898
775363726343
428116280706
149915623702
776786044663
449454391129
166621304307
803437579985
116913959846
748268817087
765458623624
961931319012
68142050147
580726841065
41053441299
878881615981
888155760457
83317147094
486284166707
646943328238
265934743783
987592004981
175008376531
315899883279
805496493112
522093428279
287849678239
954516485562
857283711253
91091570447
626916090223
607091775921
800384236692
544882404446
603558103861
636499515550
28753225440
834489721342
231753003493
816261642598
385166903706
916234676598
295907394919
257067630440
700948807246
241423029799
521391825547
953624842127
788747566759
740632523261
567305440042
382536146354
468214805220
472493362671
8458289968
716609164860
346771872542
515236576574
573337058569
372991834306
903469305000
433854993223
448660486044
239520149495
403371473117
617749856333
422722615660
148091636919
412389524328
433731416043
948826779494
243281356413
58780034500
952894813997
872855217722
998306936546
851679609130
463426600991
442117970507
9700799149
387165454701
335092505012
782550285446
979745162185
252828787308
633246828328
535044089892
646384031120
487980300142
589650941311
606185296736
321060447853
