840196341596
280928673539
609742575649
876642079880
294358483496
254052691124
444917190487
72957255412
209067157874
531763051079
411679685785
140131964468
826113266734
453686818490
422796949244
357913450473
412002969190
731212645418
212499899300
237607062016
836222813381
727132535993
788802334695
997936403771
24098505125
347132217810
777072039956
996248465813
656653318165
222931142156
461624310274
400355768590
178912552167
6699403962
622431315610
861141579031
826300600284
104908921515
366422828453
511355182290
38732247090
77750575234
364488966001
852991852210
476545386527
554059821762
852048768575
778139471183
604722771125
599965128998
350016488196
381329948290
266409872683
12647348959
757037569316
418218494711
630878420977
451431935795
235108329961
827249766739
850537860425
114844525280
558802745121
283638825667
742593997493
771030376658
850019015751
985416278937
547448744399
745795213972
155107863066
401304216985
331643995655
633875406627
415337106776
159140859027
727275969686
444733809056
651684741260
777585532610
798136826173
916322037435
178082252971
528713649137
967303810886
363095384011
453030638551
845366933015
695218864848
340863096757
834325047854
813064672562
253660237216
379554301276
389452774807
962516897676
184395030154
570933045503
443641500828
569345945271
