411020100578
984249012258
178359650044
432884151315
398848691026
663729293612
290291994499
654702681850
93235041609
841278537615
592235733109
635218615010
155314798020
903848132822
280711762412
757239257825
85975125512
76409679598
901167131893
979110502485
629963282615
116142573327
9549998582
271553379940
836044022404
695113156626
593016185374
165035942674
838309197186
199645143251
72364288993
431344940564
397495341262
303523238071
63183193371
631218598982
843543816360
74707870900
172191382017
951456468575
370152941468
209495794685
276978167590
640586584356
782247992386
437194929576
635155279866
809215246117
472639379012
921228285204
801426861956
900247619230
842608177761
767406833044
798680468161
421672762646
876141747006
52169825738
459981270762
163847974519
588055375026
252975508798
694939948269
409446539006
915402259087
885032625569
906968177269
340142549835
205159567266
529379970357
3398016426
545310220244
248191792651
893218032722
784809608067
354207675374
334514747071
99753101726
331111686160
26822513339
788327762944
432463566207
650921737748
627227165218
462203585432
804317060241
744319601000
3251531647
237615662379
530344985758
718989038896
392687573501
146231910457
271931560995
225603885840
474097835915
23229312798
232497032231
396933040194
351281134177
