359316190932
982670555683
414905502981
171702557423
960986223558
127647754642
268639949746
339483536500
662978222366
486250631475
161299517294
736106670837
557600492533
341714632721
624370102069
263443482398
299424034097
707424551828
25999405271
632765538953
212968797770
487986037133
382298287688
225522423785
842956159388
860333888033
22989698684
902684495989
891709627588
406284535677
249389011193
233577528494
935849289483
222983149531
909870813421
233885405200
322511156675
26546458017
212812939529
36538802930
303479178364
276676646867
900975445354
558606667075
738833985852
764021142810
270617277991
949857444434
439210060174
134019927176
357456399383
846750905108
353341506118
242016270112
252834451375
57357600801
736198325791
601052216992
572639453903
412639579358
306676992581
306365318786
225318725512
726452037282
558230127610
340994488296
296255250830
504747933176
873815423079
545137167362
45501553451
476203303638
726660031863
352155079655
245256916206
883753298840
921685832762
412026110728
896145850727
725450532308
507400614518
177933059116
504195755795
7510686869
639547640027
178281280330
327894135329
243100334766
301840858392
384409814737
72060728988
974063769019
408212098777
461585839305
438568045616
200115621081
597958880363
533694274668
226058481187
457465217940
