85996550473
842490012404
909857982279
533044509096
38262492687
413859235341
443486825966
616853141269
795748105008
660069953809
113162849790
68697733948
349830895797
572203044714
390851899129
118660888537
669804417843
834613539952
873964636860
526462495720
268372628410
412079807909
33922739291
682257109843
249190388898
629252228497
906039681390
256328458150
433707681620
400570077195
338570360928
245420817526
556816473050
834359193316
982077299123
324103774559
290313490054
979950420426
505180994595
640543175134
771265654988
924060106021
297758924014
201074129463
530979724873
61943641808
157249850803
334030814332
9907623404
433192100856
214745459822
572623799902
639823946885
948794748049
447193607909
761748050133
880671857911
157945627542
796415942636
114261287249
184932583755
584159517575
68161649336
288481873942
908572806102
769302565974
96006041093
872380749914
498953205664
209820652343
394769940876
29815473382
172283641202
448770756445
850852066579
476237608343
717510355463
236817195065
201309286800
82290043287
61283683915
587786587618
464058320811
303764242437
99105236881
317193962267
550171065368
953022003147
911433384380
598844258908
606141304964
775211182213
870349668521
449595494633
607457815077
7176846566
35678788602
783267276636
27404284544
775255987839
