571239694892
150001529097
238570128033
327967200325
685279038843
364953048014
768296666261
325311122737
277934684573
311402542394
418801206440
897402474738
846114928572
199221420041
849975174559
138531698079
463528387708
46390428676
758028279858
82076341859
969129192292
16384914706
54217008582
923359825280
420412267864
899292120229
572876270272
735988146399
750405211389
637074116149
776515550842
926988754811
103069798108
381426149910
421839386804
989208263672
757454760972
663006160388
811265501550
370629908044
864705613680
872442616309
213134106965
470048748554
909088271895
524320993294
841954190304
564727336386
60102192977
788044093662
752978332155
163905576740
888362080888
152527209177
871811906590
999321818362
506529279219
521069782967
201958158355
321152320902
16677440571
21380823446
544479288438
608230160431
241766742148
702359200639
833691076250
127764077505
153018613252
733441384192
830016539961
120333103579
99167424250
550493156754
999890992521
496537259711
868871817095
188841074488
453082813982
825767112159
270451610605
52610334712
89364318752
68857831483
48558094227
421793586061
40965980683
337812721363
694361329242
709093420935
768201893219
719531459150
851989555396
432199131568
618708223085
963201466348
332813265889
949411434327
93754875402
281377183622
