721196454960
873562209841
13131755888
904573058099
241785308515
831561068874
880346973089
291138926957
150107326906
221572133447
980201999151
410690418325
886386256074
370304159073
314635049118
301815076165
691809091161
643417390759
705324115450
463608114239
645551266333
400842867615
506630776339
153740430568
699912603499
984853170557
637826355238
931335183258
143222458869
976761435126
440141825956
889382554761
134575999527
52988131629
311300618377
723851946203
692438344425
945990726554
239573999351
492823348805
205313025065
3814957622
48966350001
269819861476
947665252420
277952318033
218779289107
73148975873
560240259472
912767297855
441336717246
148525871121
417584817946
455567095486
356991776723
799394624983
215727501692
645745615113
797141080818
426549711223
116285110819
415312766363
554644890605
298977312113
29097477145
669965735652
119078924112
137271018975
763115228862
908423664183
595272606026
280616930837
679665180201
690422159562
582476032976
137195249049
948817540225
117240711678
397542775038
673083425480
741688181309
281346233806
994784242002
59484152579
408719020216
250827622978
582152939651
741155730757
402618312789
715778670489
50136111701
636035544019
377550540867
715187116557
354382536417
290598817220
147339519232
63468440167
195070692103
203424959325
