460611392834
61079904509
761714999844
83351892273
17608680292
920686165827
540909231939
892481832465
998764074818
439154658949
782722879830
25646861520
21207329446
695018371014
426327489774
450135720650
297297578262
760116147001
620955987902
966784127095
377849132891
167722589955
86081206255
633924558131
381071399496
806298520879
110400138349
320994533533
965827739086
947943966929
126736766273
819170109733
411407370548
627513934601
504573636964
985628253848
764854863474
387269285502
459921824519
250690935696
56029939196
601090015754
345862992346
811431897521
325870532271
206620534451
169390046693
721793332439
67808835433
280967935842
246986037845
910889511149
151751633011
662988285
300421057068
817320295669
422903720125
213745180611
804722033018
238946745307
842515999109
633265291003
816808757287
803958891920
323037691378
82152515388
435196235879
362110242169
546842736310
692019559046
294906690111
100536172035
937640734578
559495000719
130044988654
925084463859
385741778220
839085066772
181204454256
123203743425
935025045658
765706481839
239230594933
335810863924
764760734173
300792108361
910921045165
788683661602
825562919905
173095871407
567683743662
73079524428
400746031973
126116664942
346997506746
243575843320
576414525508
210257212861
10044370377
970701218404
