713102917962
879100199918
106826865530
765769405903
653891333549
247357854257
350465423809
565572842191
97343679186
307718967598
538793493128
913053857506
369888184385
822738407530
603293566231
480096284833
290987688453
999077784848
252688389747
331350474302
808100033812
479357559275
288505052679
587902030035
140185769252
286867446307
449780787774
921233704344
930566715348
977503448746
352221606440
668712900909
401855790344
556089973962
408704384985
889048726713
446486514682
826309072826
653520332150
416626021998
484479626621
654489041272
199454828441
166517765008
490613447802
146276607465
45488734468
230943198829
492167910244
413853155801
300679463549
57213060688
356331215101
188609722983
13877859999
331287132460
587286204172
434180271831
81184085955
191070231376
523577448006
289473675532
849572182726
849322360157
463337252575
473091268382
632065804839
973232241083
388242057951
102873179322
24003760536
821754639010
433964182414
114313394883
501727408051
259003487138
451149500828
931627437498
866898491690
936427536644
347214663573
929623481616
743372880282
842164576728
843509114642
881558067768
213821364495
314928398564
656646485843
774224489761
776615819601
546400378503
819164892605
205176289885
415031854324
532665116526
314214344528
924245335244
115807916537
464437043427
