309154097068
219283261083
481061014622
605703464608
699594858717
726452144251
922096359986
913907431566
869010931572
384521091203
235844975649
478122918913
58325041947
48737938143
200104071350
461681073253
898631697196
218894582401
941470307721
419018086601
582146758231
11218819711
597605983000
237682793238
110780237901
295997388176
13450717834
481540682166
81021721762
10259820811
639518351654
89541876329
946302416917
111170750180
578305711940
963431666138
721753089636
436768504173
811123741232
966335457409
970790009926
692027226498
692334963482
477518349354
685719178550
551564056405
980022236121
880778390096
571653844975
215966575673
973023776120
253012935478
479065004682
159017199430
662165409359
505886653623
194595993062
370048985170
544608717917
789824008450
502569346709
960036642344
827455482259
537880327645
931843729921
23686468989
951925518104
397165566964
921132691644
20780944641
413729415516
732868553064
295387265537
498912195273
814757227587
153301238107
759558312656
88187047523
443312824213
677251868388
386851779981
171006844001
844289948358
981136980690
138291408079
929112742353
707301508507
793065284909
338050886235
639671520149
176608519954
476407180652
775195319850
862246049760
906960944750
519942310389
44242826619
514227848031
695291326625
923497709144
