765015872109
71553915099
826469684095
973304472597
832283442590
748417573362
396284366778
69888839682
846391403
258269830024
602597599769
856188108436
683160794521
984483692409
705944516035
246513730677
853999701183
441061646137
147892271759
140069738413
118491633319
961638219156
499875271392
927408540745
124077637681
837002053987
221408773796
30429784021
934239892274
729626679665
415612168899
827870758435
427074031310
948280505971
432566898801
234066674695
973785238390
850320286417
237446142818
338721449262
471705215583
278885927453
80913684568
627734376886
368249718559
321334871167
540007832305
616022645738
105915664248
214759675628
472983830869
140067111361
118461476919
900117349338
190697827278
651158312729
59502557132
706728869898
460765556274
194615307956
515803808851
791150612935
714330809633
564126467148
731248427524
296889879410
675112963531
668016398046
207639023810
879092047066
534727345322
740051731118
211485418857
375275078099
82889514570
322143902174
433239605993
688603777781
381502075989
39961704932
126211930251
243313262943
645472825464
811078443144
864968187783
719805353387
428565839625
311801865374
252779590519
831050663542
723262136658
833701641601
93052781015
378696246122
409438390588
907794792687
552134203460
350810593544
494493409697
350318688885
