998755985067
105141598382
918399380861
51492960932
310819105652
881358782079
250228622766
786042479051
422010029954
829900273327
968936299276
827379696996
951755733193
131890510469
356903324625
975543059942
369741680328
616548959161
394209167887
661706271769
18032810668
940018772022
510595744450
8134038844
41095433204
824445567100
361917779762
696934065126
941891392219
17140986269
120440184096
94125577721
173063055371
910700806802
135542435731
56396508239
846191730207
115217708161
268823273822
871407253511
626788460484
979718311869
952569035568
494310866799
827515323150
988929967621
173916265981
355972968617
512378898313
316782713037
699935953966
161401610348
233346725535
719014916057
73062278509
814098178656
82371089367
445844310597
132116798794
846353767090
368571167434
805651657809
768179954838
800057194218
972803941427
461944980179
450452367556
269264010588
150369758378
758814040840
541817777577
286801792216
96158667898
709953663601
87599459213
448149313493
427117624426
203072716884
703960640652
821957012425
92165477537
797205282028
400668335651
307150692663
103770524959
679701527860
969281259816
180616296025
335895350414
454606999330
743320076558
210542467769
476353577095
869602872802
705207651703
44056047116
226821824714
896130911992
300769002703
330145470741
