277820072532
326189625716
669923741404
520889689800
434099220747
442626127133
526446127337
650115325275
911798032413
212357347340
843004117552
538122990120
794818721079
169803094868
873219801461
632975670356
515732468976
239636825592
915138206499
178877581040
288865781963
848113576165
601037656442
435242109749
96153536592
366562160495
758753387016
146115588142
707838648326
361755375786
630890279321
743261701162
386954606726
311980265972
101432985167
506394904789
594898143793
50692128173
75166836046
364103916064
526160858757
855923899565
924296248275
293033881352
657027319581
164004630448
668083385383
682163711972
483130423080
60863515103
775010880073
36957069469
976508009753
270129792992
59931029565
33707063049
646516368421
182205131366
163608491621
732069194579
197115841294
632265581924
840215949028
586338656669
252430091811
42458804008
463291968419
140696971876
342410064627
769757568169
494658392768
838896147731
469301519096
255151048346
589971441751
630602287696
787801296065
334372925591
598380795400
327904253577
395753161087
413196505780
625710025875
316111258535
786637220536
479353093400
857222641537
375941509681
469156504471
65963709812
332929050682
178792559161
388209172793
912741396371
262193173519
479747339049
587073606284
260893291572
617121092494
74398006138
