688648304947
531504091451
418154263439
518138322663
652367028883
781884394203
323589023201
756014765760
470322831952
626814402766
593452219877
19192081287
581046786425
229238526090
485282104252
347664495490
94375555480
173411492414
538498473206
669568069582
131672148833
437338100867
744617014536
953408211264
554985537898
367908686836
983254215903
434066174408
870235770763
659286422807
133700965325
690505937692
288494386585
847693951725
604725150838
754204615857
340987813408
799875531143
273481264852
459735037414
802641192240
310705011493
870724870483
658096318674
428043161066
741903264001
449213743449
850448322120
246363233634
532167858016
56100617353
800111672630
374406619829
693616325556
152735366293
118220979345
224601937044
163154651054
362596091577
420384960456
936046867375
150986668306
82227976520
89726697557
496093252175
626379761730
929248359720
786283559193
902600869374
465593421395
733104951912
758931771059
160034161091
352350864808
158897522608
790387464262
972721798219
753928303527
290443731263
94352532755
558325131788
114475372079
890487363831
111013335116
719333034038
373869038757
488921869225
667164815283
205681791444
229947538922
819825321628
535780563012
502239241302
443017578202
199856001515
733195931017
246252742785
660860039256
789090695333
157315259513
