229925640133
271090194600
46405814857
245107483156
806287839143
562767564096
576057847580
602123240178
306395029453
887131620997
899912236091
110821668834
959183509063
716833301447
877570369233
272483414866
708636832202
858478787538
525824093541
537594700577
348561047194
326095111590
391618208039
800272477992
890786087885
208497824249
620568748782
583941497950
489139708401
765746031998
739778426640
661289338184
490992776063
971331827462
124437022484
704927920447
413236097495
405824213924
71166528098
386920270991
29688327582
3313399985
940199502620
824897331408
23952136518
172833814105
863779194182
55047996244
509255523145
107854674455
164229664237
934053822421
219623811767
619671323019
993651361171
165426639808
286713586651
790937762544
249969627086
263443455147
477796180815
488779445663
330112513370
15956213530
874845077408
441613888596
920723072879
87577421364
329175778744
688347679169
701190920468
686646931550
689079974580
115445779396
624924502627
796315870265
935299196259
719364487219
534897878485
687421188177
179028172300
740181797207
419639865165
246241715646
639904300556
768146833708
975953514503
977272383015
270969998278
400522797588
933639153881
260974864888
469533312239
406521319676
614748028270
33176584311
459780454733
706451483290
853391696451
644356434325
