889507201211
302336146785
437981699473
73249489745
112101341491
164471248868
430234771176
462494646048
242255709754
380032179569
596340193403
761822023656
339012955510
831448385157
782511630729
468755063652
548835364962
539000405985
617114215811
844169080677
265587676154
408291983301
991541342410
54357879412
551372166491
977619753423
172673355681
742761535003
972639418300
941779701789
472100473348
929316805075
65470217716
915013272918
67849064971
642409607106
766596820851
126112003885
397992891697
766469516370
261166604347
534193621649
951073163034
997106589084
999809367132
347568985561
733099929258
349690688695
421201807813
742183650509
473780046639
314302937676
158748995575
182543543119
844448626129
429800608754
951754350708
994720510598
264800487167
255867843463
932855973706
125396268393
546757939036
938513956621
868419214037
68527753381
986581000572
368212812500
4397784700
777958000186
880406652735
478121118498
385887046244
971450072245
69600288056
195118235242
395324642847
731860640278
467559019388
302833592045
289849449204
635052800856
688937958524
660098566471
891191174650
934195868559
629376983532
769008972922
144609807915
172171391454
508096684540
842480877559
631691252988
365303193812
978312007743
789757037620
778303469315
686424635046
964274649021
303863825380
