788811665520
971230221644
695605476904
450918173314
420331431625
770573128351
340480454538
721967788627
297579886962
456684457036
151306947932
811974618270
12070878086
928576507161
871763492540
904659348358
666498330655
858444788032
600408312794
68890877012
204541945579
516678898116
5879198540
20572969814
554507124228
539025818870
312091078704
499080423269
494307055391
795862367458
245288240422
902266262850
320961134125
460833074001
809214056525
573175748797
48789870999
542473723350
260449973917
168698921725
244096343018
731691104784
513295036318
992985262619
474478421375
682465775613
86949810434
958713114756
33169859165
75357142985
846250595109
394360973019
63009272252
92134843525
13758660346
113543931686
655595939987
428612035315
258876012098
716122121470
161969791800
864101399098
319658418908
521275244069
643750353984
985206866775
370157859146
529321279460
251227076468
324768936168
202921177931
829262753293
78329999304
111416279313
330863577007
246171717512
387738893116
649740873418
318216065852
433050968010
917193462595
302470517653
554938878547
438846816604
831046878111
632839689834
338786950697
602865599888
360470173981
800696839774
368746194454
202998987862
769291646245
615293188337
653604582812
831242993899
688803561118
193008327410
252892295852
448799793317
