657689058989
483488313424
37405203212
183949952929
365998576892
382163299511
783500068378
817497838282
411438537816
975443833613
343463067082
585388474466
912586444235
829280264104
951255504338
350624979821
716924907952
855126089823
833508495075
135980613017
425285348059
581813960116
542994636943
505089079002
677198323944
186421756167
440987653546
520970268924
907798922835
335190383480
974552149913
362552975312
429314276038
917013169290
640632179771
918525072197
574690635670
151835933026
836078868391
172209628479
643772067341
603293533316
853741670712
150808617641
464440733258
364777755551
961804290236
922866543876
796093362204
965697696779
756751035870
789505754418
294533959954
995000683078
214609873061
378204314230
879595099039
383328625839
335616871725
342333611545
585437807002
145047627754
149552706701
324198933303
229811714091
146559567662
872825940422
267206926550
864323434162
492825756296
429218365677
720577110177
707621133892
122537302378
734771222762
524246368487
510758246244
981859321452
351324466361
516058215664
480409612678
202650442683
471859169676
847486824475
135770403727
769412094420
505632016357
248869145716
580585113716
38089856845
860384535787
590994462675
195570834179
306701342963
623127586655
846737215826
764371153534
900646423430
840626043300
380743850975
