234698265542
506605922041
139387455477
227759349030
553290476776
416408829298
230504219734
911216269140
382440448142
945810322062
357505617302
496280890103
138629988102
48929906079
754409087825
708953013389
13886752631
895032426827
603859395776
311074185095
185593553649
40885375619
937227895243
395924198118
797823927157
901971552216
1135282360
300483264315
257693770540
8515989054
375920856023
814842906664
165495478381
967219024475
981852204780
122956921804
552060869870
33188999350
313809232252
861167307890
979775575070
851804159515
35693880629
163708790608
147805996889
288716269229
714351165679
621178787000
122921318667
566714229046
584682682062
287382487296
238308756576
449928440293
175294332213
103571650414
850259597829
553125342707
383167399849
919722897225
216602272599
856496372868
214040812493
999861751192
735037561288
553264237296
152052134470
683484100888
570632247123
514906913056
513068111432
479596991831
611641789165
891014406629
429590589298
790592241077
509149438872
495354473230
712248619107
352720386054
115641854943
143952910146
67425866502
809522690104
846175427396
905912750541
981675962008
927489695922
376595750137
728881102655
751617601491
852644684923
230774204263
493311482676
700716730996
596774129144
588397114976
821240491128
715330968841
341507233291
