856885867459
442682438653
988340574504
316959533386
662590692767
829773533449
323770252060
155711644608
297642964521
105891827879
757202667789
401879834400
995470916519
857629345083
207545371764
239103368645
592692954736
665245210408
911165208500
924220535332
483366265286
677070638000
685304170557
345568022021
560752253325
604515961645
709357619457
163311892855
769095436596
747449581530
429283323848
835205845778
19466030261
610019399456
276770457527
826704316391
639550332933
181147923233
932426156550
172883899474
753159314875
874967113451
203934412521
373511440136
419462029015
600910331285
87485398685
509980646647
78404842266
352015108129
311378825878
642791168550
126974023626
55701710514
112536981318
63124663369
400529224706
140198312440
925545245378
487586991804
18518499974
294305384960
590563130981
208437940896
161916842825
761958719896
688577200888
310502388824
271637811926
830744241504
992952944738
409326903700
2398860875
429379155953
377442667485
408357826740
220035088001
311825977816
49259123434
609938915561
54564469659
349950038748
241656935973
326373175035
905527778855
26685044819
42666502923
413168361255
704384072719
535096271536
996077805637
602968996935
149465283335
991211723429
357642200985
580278711163
765313978674
157101948606
137906754548
703019478912
