917119289074
542739218235
649537148428
902848343422
191778387255
20716337709
503372854402
780963871532
228481170093
493948516114
114805599806
302592747651
860153907755
505633005866
735395953060
409247663643
26172419905
202709894673
232396630278
853052782225
798966757926
190177948346
191736297933
702476202431
762414706323
598013493248
2038086543
905350178735
299238401134
973539482694
753507698438
839782962407
93558914167
295071812754
861031053855
965495743810
746941358817
401179210158
176830267897
885398127464
132687247293
675966662372
329551026859
344043305070
359174555018
310145401321
282640930908
711215038341
414923196716
339912082369
61842040198
610332863792
205916742738
717324905619
158172807740
610119833237
979971491396
291114630545
328137800084
980470246684
101423719306
154298666502
139636449701
215509758051
973611067103
6768411220
928645180214
51813650412
559043910849
684501896460
760951854697
291398473560
312740206590
743504245683
205682197631
901635557795
195044268749
862699826183
555903724505
861003537496
840705153324
372566674599
204051291171
390265790354
681571792090
594574343744
979586130532
80787176120
88130664218
179138962028
488581323607
830736076569
790951221625
317809781466
874992823057
502007893333
926379955428
578913160341
609081414681
788950334567
