453104993654
236115826012
245471730518
681766783453
946578094688
376657075290
304124493311
537136839327
989911100699
294393179336
267253550260
741583457389
16982685336
442414198953
856377145898
803072001319
375651967008
546141403800
168852153836
954165225718
411121502453
992691978127
327029474894
458713108555
594539417517
5120628142
12873403051
440011453627
113310207691
25319423137
943067890722
334415991197
896162894176
551829853767
260013880771
588889258701
691738025620
731691757374
742542191355
588764230331
307977098090
281986243609
61609723191
177684753420
894281780189
799280390058
742857598607
353433633338
886791958113
491737909404
680317453512
397369628168
545190301237
465491846490
508813733961
668092058529
11262219351
537698622019
930072886093
506811394525
416426922094
705486695969
524986265013
335228745756
891534337116
503940922116
405144140264
898628129023
658291152483
770019048634
208927552400
481231897684
901408864114
167258453984
900872148408
126639654548
867160863871
829850033972
619505605183
225037963649
280641596374
39247985303
488882054204
610157938139
369045904909
107039485197
512263679925
644640431896
531820580991
7398298770
744274822738
656800696058
781851271879
145419111906
99660134998
448749956655
175044187154
757607244708
496305223174
434564740569
