535084621328
914110937808
134800778889
895801814647
234525645110
733423575992
327676814853
879862080381
703969980160
185278517174
425966859901
897398118981
778646802824
716416919405
26376263389
998561785486
104287227229
644907520242
879407408981
533937210165
721829974723
589621677696
365438088104
198138651000
240256935282
256030648411
402310774822
583910132536
715438810642
353443644379
424953500196
470484540924
311308705110
563284647092
393237622615
630025934294
841042860158
513521497513
573895753946
923102849497
741516619096
246962848289
955379174344
361038657695
390692594700
711806948660
739147456334
155273121758
222303507371
557065486231
995640015592
305871360617
592031256348
3755847965
581541180877
940479420470
172493058716
544011691020
452713143093
190734845891
771488369684
172903600376
853512961785
198280622159
938711466155
98619071384
246130819611
29815319037
21765213017
459409952684
964560086450
560940385445
29104020461
919919713669
207534562716
337083907424
782640138862
777860095346
678557264229
980502166655
289913657269
277921279934
180299227027
175892592130
715403746284
105186637275
558871054769
729359193997
708908532692
60874285997
352423374653
785401192310
275325581621
572199014461
507634959732
193542286012
690303360092
768822577546
129370217852
747905612996
