485305440260
39147249535
51925125297
394113337993
788787127833
795758908166
489944368286
539332047736
497966112013
808888554323
107194059090
414465757602
837835942979
97786465277
462151320633
765106748437
30900505889
158868383519
413343762120
282378558405
858285595746
849012322496
171688624973
496081546428
216828539394
144770705605
182636347632
441926155448
787087693745
644187460518
279951728883
880463032950
523634371143
87993059049
410307316165
685073269760
709769415063
697676902572
346480168920
422744426447
138811027653
711098687389
282451523433
608249308108
464607217590
937235510054
701519054975
273995437602
32531247120
256200375661
388571306159
711117792874
354434316469
348774029785
840868006167
17960896806
376816343025
132352153379
355335969219
604084687037
304194770575
265601220213
655428024458
687188708093
25859355694
700466270439
833491430910
183974417332
422955329372
29678213759
82499178053
814881253556
299028850391
682842713665
968861346970
688986604836
119268793394
531188133995
368308763278
856735788782
243790233472
516211643514
824364329378
980404771434
954269186917
80941224281
778670480358
885432210845
621343990636
804880978076
419622954029
5383624723
760935365779
706199012163
105069688406
914878824927
882831058594
410663861803
225442819334
308142560799
