520950954572
327463831246
926423253737
725853431653
701255687173
400761238376
514344821963
612702908010
493832432070
225783206046
258509894325
700144062134
907635143726
322177946347
772445774997
798589172927
414957612750
54903637172
189842238431
192932778756
821904249735
758960846786
388810137583
491239768043
712155056748
255855314505
549937896630
866341604203
64086295184
260711103432
252622734111
237701682730
65588742533
453595681673
391564112362
684203144469
75994999332
984011082434
321774246939
378118978800
924604988265
272604407603
138635291877
34149716405
376662747298
821275801177
868193249707
190359154543
623427248509
265934306347
905134205340
841180070280
496992803052
724150467176
446112928680
67864938012
413481199040
66035276023
344646982178
957995855791
168112700966
111015259125
659247145816
376210430687
645972958315
558590493237
294688388752
549881042051
944833797662
330997232155
575309880881
528974221892
239603781880
478459639090
354222619245
61290042697
631237685474
968558649984
516259214258
707267329000
996424337617
874371150382
783953250657
175012457368
365540948817
275866514737
700088441647
972347818318
396685219788
213556048148
94000600837
495328053416
566410720055
688612970150
985131771783
225270232841
116713922006
770162702003
37812841569
109269703616
