971753749244
669117696959
242966963141
449563837939
380837217491
649905143715
799973696941
182749011264
87279839832
810495746441
116744115264
607780243949
576609494356
343451579850
478073936851
381019982884
730703022567
249697451932
175482652533
509718431428
713099442177
985205778869
230746096062
896278080061
539271874490
717577830868
867397881165
859787454392
267195097614
767634494848
619396357577
130710377199
489105119563
215413537298
986580438153
272694082826
879623674022
75969801742
356197697421
759123432745
661500993227
687658408109
504593183535
459387204036
247534755125
299121901330
216922320954
257131485134
573276262493
362887460041
360916139524
120870754932
272165538595
285654260736
361358403786
937514918370
218595585987
64823035545
492033278735
853770791926
991206172285
478945794419
737947844803
900692807313
279024469415
440317710268
770841705268
693165107496
918391195818
50781435558
242944547423
311223779366
676774695095
370030161063
866109286516
679254473546
487783087905
794785338128
604410055822
462360574582
830008452353
899656025456
333953767351
35036570616
503929429163
19725736547
409315629173
802695370937
680641435484
677893861453
582024846839
890910679925
537908026366
373007336456
163528098016
97615902184
604537174940
386627947218
646365866189
359943496101
