333687401278
216757347276
296176821202
552271546991
341109422214
460452031789
366504916952
165649539310
457470421274
704145576359
947395258019
831978239004
863981572745
703913734017
421639298657
492251110219
175202988315
130547057347
706490673303
4335039722
444921375673
621561033622
834570465594
394060612470
363292665898
596859352717
229728170286
215854514530
415470508801
129522164368
557872665428
403502235408
196863457238
372459141697
48367648275
916476063688
752693444894
847013088722
59119197870
507273838743
133246061618
320952001718
884119785399
463684202382
320896939675
345269703611
180208731943
175075394775
230030859003
331766402269
928261913868
106623480604
845892603232
375358109961
47941409615
554015799121
744626329072
534806535658
185678293040
707890398026
24029039824
28857658177
822273693846
988994327316
994437346405
660820017683
553952931332
851409732260
708913458640
817627106135
505437518670
751072759618
259450660032
158491531718
479585604799
596143822285
102620802673
330085742867
434771727462
536134447519
485378889515
73639998793
490026484622
921784032646
44193963113
264369067213
95687815439
277699833366
519813138184
325186062026
603936825575
696599582129
834993879096
344662692629
677868729967
304328974891
638724220612
679500850564
200134876688
743780798790
