261768244835
709311036261
130826067235
39969389537
336125386004
231648635027
875201270324
661101763840
67180818159
549047152811
760639100606
78906395161
656693399650
1313737648
217261627364
604327148092
250995776476
652830225007
397917699602
598780509853
38274502726
627103453326
130973799848
187201060091
853425063481
720875738864
293829415303
828293111012
117762366328
203284487307
629120457236
348964070678
687588085717
76563246531
816338399478
291255131741
214621866870
161748239881
76961808382
46901634893
61501737146
862296877924
617372240330
891952157395
694173667123
901735511389
282683174084
255912299143
609834113093
461989517990
604610495985
929908408659
729822354804
884252656150
51348819119
805019329405
207058610884
604009916765
788343204
70700942152
463310297703
501667592609
663025646225
689691890790
287057782969
302157852021
496268680206
496192276195
88165747077
994297570397
955624863306
919633572116
259440708384
470161590587
721590214993
221887309372
534026845394
66119485005
631985250422
275502179094
264681471341
251689197241
153221674469
366392009900
177472356132
700767358500
546867830474
904450564279
918019775227
456936775301
393095469782
957721352472
99667081504
587481876262
837366053603
929172915608
900650793583
939628887156
427760484805
392483589958
