457883707237
648116466225
754054143709
285825688060
652540071758
118860831518
11082295676
561551734395
766230478048
276371334063
473351827064
388597272310
76799311830
555177602620
186130176456
262093618399
124805608001
536953584749
821530874031
405259366669
341363647105
487271170323
606135514977
668926679840
866448357219
601612150145
60510750861
153903521795
174096627525
44195885287
313216541109
556197341849
333193304378
211121065458
257509405105
258194328337
715408695238
393560683448
903251308938
513320434101
553563879007
915018768453
544989559788
410889718370
131170801307
640417816705
604826407819
26579304739
364276452895
953403615026
593675405264
347997355685
895152674898
638325839620
664774457436
823008604941
312718164548
278199791667
751349574656
203862743473
206868736518
641492348142
704010970210
756275110212
323181484177
515271726829
754005152642
954050607721
855798244077
970735413029
210012593797
110214856541
69856821454
336985096570
335788904394
279167044671
751226220644
805017012884
47460452335
934767357456
638670789478
536003084080
625833415663
488507947518
363571959182
533252801420
553605120779
482000899227
347349581794
135481370497
793253049674
111118414742
976472454933
49234548542
939568381093
182620216513
330502768929
408921295198
971150946090
359362860864
