379733773115
876495763370
47376090023
240653249490
798866691793
217572819520
30433616995
163441854202
442512270702
466152969534
982957526188
811871196203
864783071027
952331085137
475681802284
922883597926
518980526719
355071965014
598242572487
561808636061
405171857375
198473270991
736917527811
686609731995
543303911133
284924780346
320499589559
229598138593
234127527532
612125403160
94060984089
711768217954
14578266070
593317965389
680952737052
621072186459
344649276148
697194514735
693193301435
22809108971
757548831227
919762138997
858209797183
99159976024
146842801446
740407161079
880463888348
114250845189
829660563907
680391825154
608764460464
334037914069
606229014332
612901236038
454695286496
302435784085
650822839973
84970883453
659629900778
828611861471
104686815718
65511111850
469380217562
894649071431
637856802720
193420474104
456327743095
624613905596
490181895094
506861380177
572139894122
773612115352
543734002557
963445183952
56449780343
401695852685
214140704668
709364061802
861659531539
642560904129
83174563779
92913590103
976933797737
30545169966
869117802052
895142664474
770187992767
339424735356
251019908494
215570283907
575811012141
58659822525
534495114284
308667533794
554702329633
525272482691
5343047107
162047262871
669052396037
56608121363
