830014462005
436978671214
500875083362
206649486252
869282445931
93399967390
411477576049
267007021485
689710111216
46897056822
717834869664
224366732938
482390224726
551526008773
159723152504
18293986949
431262365473
61843325418
386752677845
416912406470
496719939363
290185838546
620020714739
817923761016
686653827487
930445514351
41919169192
30845622652
423786735644
747688334101
724180197205
502682294187
348879543183
305181505258
27603355875
864597254456
735691349942
83732572957
312136744873
606763636444
735840956038
989830855233
286630225652
116468103848
667740515045
209461479565
466531145343
109244441487
881235404747
681422691294
634776373153
883027605385
427750665063
952879526517
341128682952
125118316533
446152692606
227121379426
472386753292
949346412378
56964866968
678257864650
893008033
732598698164
659723832021
657145464898
236990979374
491234976596
910483692770
884199781968
465773781671
896845183243
324300592236
455356223141
249506456548
246715844076
532108437767
627837398627
413856776306
778172487387
140949483871
433022985967
406172575700
454279029906
526844728261
707942066663
848636002051
821563170082
227351742401
511489704862
85578478336
497762865110
842205871645
903295557670
569139280863
757072751993
807329984473
252526217379
708772884566
502827053204
